0
0
0
0
0
0
0
0
0
0
0
0
0
0
0
0
0
0
7
12
13
14
12
11
12
11
11
11
13
15
17
18
24
23
21
17
10
0
0
0
0
0
0
0
0
0
1
6
8
12
20
23
29
29
25
19
12
11
11
11
11
11
15
19
22
24
25
26
26
18
17
18
18
17
17
17
18
19
22
28
27
24
20
11
0
0
0
0
0
0
0
0
0
0
0
0
7
11
14
14
29
37
40
43
31
29
26
23
20
17
12
14
16
18
19
25
30
33
34
36
35
31
28
23
21
21
20
20
20
18
16
17
16
14
12
18
21
21
22
20
20
18
22
20
18
15
14
10
5
0
0
0
0
0
0
0
0
0
0
0
8
10
13
14
14
12
12
12
11
11
12
12
13
14
50
50
48
45
38
0
0
0
0
0
0
0
0
0
0
0
0
2
7
10
10
15
20
22
23
24
23
21
21
21
21
21
21
21
22
50
50
49
48
30
13
0
0
0
0
0
0
0
0
0
0
0
0
8
10
13
14
14
12
12
12
11
11
12
12
13
14
50
50
48
45
38
0
0
0
0
0
0
0
0
0
0
0
0
0
0
10
24
33
41
45
46
44
39
35
33
30
27
24
20
15
14
14
15
15
15
15
15
15
23
27
31
35
37
39
35
32
30
28
26
28
27
23
20
15
0
0
0
0
0
0
0
0
0
0
2
7
10
10
10
15
20
23
41
44
47
48
48
35
28
15
13
11
11
11
11
11
11
11
11
11
11
11
11
11
11
11
12
11
12
13
16
49
48
46
44
39
0
0
0
0
0
0
0
0
0
0
0
0
0
3
13
30
34
35
35
34
33
31
15
13
11
11
11
11
11
11
11
11
11
11
11
11
11
11
11
11
11
11
13
42
45
48
48
49
37
25
9
0
0
0
0
0
0
0
0
0
0
0
0
0
7
12
13
14
12
11
12
11
11
11
13
15
17
18
24
23
21
17
10
0
0
0
0
0
0
0
0
0
0
2
7
10
10
15
20
22
23
24
23
21
21
21
21
21
21
21
22
50
50
49
48
30
13
0
0
0
0
0
0
0
0
0
0
0
0
0
7
12
13
14
12
11
12
11
11
11
13
15
17
18
24
23
21
17
10
0
0
0
0
0
0
0
0
0
0
0
3
8
18
21
23
23
24
22
22
21
21
21
21
21
21
21
21
21
21
21
21
21
21
21
21
21
21
22
21
23
30
48
47
44
41
34
10
10
8
3
0
0
0
0
0
0
0
0
0
0
3
25
32
36
38
27
22
22
19
18
19
21
20
23
21
16
15
15
16
16
17
17
19
22
23
22
22
22
22
22
22
22
22
23
27
40
38
31
21
1
0
0
0
0
0
0
0
0
0
0
0
0
0
8
10
13
14
14
12
12
12
11
11
12
12
13
14
50
50
48
45
38
0
0
0
0
0
0
0
0
0
0
0
0
3
8
18
21
23
23
24
22
22
21
21
21
21
21
21
21
21
21
21
21
21
21
21
21
21
21
21
22
21
23
30
48
47
44
41
34
10
10
8
3
0
0
0
0
0
0
0
0
0
0
0
2
37
41
45
46
47
32
30
28
27
26
24
23
21
21
21
21
21
21
21
21
21
21
21
21
21
21
21
21
21
21
21
22
24
26
48
47
46
44
39
0
0
0
0
0
0
0
0
0
0
0
0
0
7
12
13
14
12
11
12
11
11
11
13
15
17
18
24
23
21
17
10
0
0
0
0
0
0
0
0
0
0
0
0
3
9
12
14
14
13
15
37
48
51
50
50
35
26
14
11
11
11
10
10
8
3
0
0
0
0
0
0
0
0
0
0
0
8
10
13
14
14
12
12
12
11
11
12
12
13
14
50
50
48
45
38
0
0
0
0
0
0
0
0
0
0
0
0
0
8
10
13
14
14
12
12
12
11
11
12
12
13
14
50
50
48
45
38
0
0
0
0
0
0
0
0
0
0
0
0
0
0
10
24
33
41
45
46
44
39
35
33
30
27
24
20
15
14
14
15
15
15
15
15
15
23
27
31
35
37
39
35
32
30
28
26
28
27
23
20
15
0
0
0
0
0
0
0
0
0
0
0
0
3
13
30
34
35
35
34
33
31
15
13
11
11
11
11
11
11
11
11
11
11
11
11
11
11
11
11
11
11
13
42
45
48
48
49
37
25
9
0
0
0
0
0
0
0
0
0
0
0
0
0
8
10
13
14
14
12
12
12
11
11
12
12
13
14
50
50
48
45
38
0
0
0
0
0
0
0
0
0
0
0
0
0
8
10
13
14
14
12
12
12
11
11
12
12
13
14
50
50
48
45
38
0
0
0
0
0
0
0
0
0
0
0
0
2
7
10
10
15
20
22
23
24
23
21
21
21
21
21
21
21
22
50
50
49
48
30
13
0
0
0
0
0
0
0
0
0
0
0
0
7
12
13
14
12
11
12
11
11
11
13
15
17
18
24
23
21
17
10
0
0
0
0
0
0
0
0
0
0
0
0
8
11
13
13
14
13
12
11
11
11
11
11
11
11
11
11
11
11
11
11
13
39
43
45
46
46
46
38
16
15
13
12
10
8
0
0
0
0
0
0
0
0
0
0
0
0
8
10
13
13
14
13
12
11
11
11
11
11
11
11
11
11
11
11
11
11
11
11
11
11
11
11
12
12
12
12
14
15
49
48
46
44
39
0
0
0
0
0
0
0
0
0
0
0
0
0
3
8
18
21
23
23
24
22
22
21
21
21
21
21
21
21
21
21
21
21
21
21
21
21
21
21
21
22
21
23
30
48
47
44
41
34
10
10
8
3
0
0
0
0
0
0
0
0
0
0
3
25
32
36
38
27
22
22
19
18
19
21
20
23
21
16
15
15
16
16
17
17
19
22
23
22
22
22
22
22
22
22
22
23
27
40
38
31
21
1
0
0
0
0
0
0
0
0
0
0
0
0
8
10
13
14
14
12
12
12
11
11
12
12
13
14
50
50
48
45
38
0
0
0
0
0
0
0
0
0
0
0
0
3
8
18
21
23
23
24
22
22
21
21
21
21
21
21
21
21
21
21
21
21
21
21
21
21
21
21
22
21
23
30
48
47
44
41
34
10
10
8
3
0
0
0
0
0
0
0
0
0
0
0
7
10
13
14
13
12
12
12
11
11
11
55
59
61
64
63
48
20
10
0
0
0
0
0
0
0
0
0
0
0
0
7
12
13
14
12
11
12
11
11
11
13
15
17
18
24
23
21
17
10
0
0
0
0
0
0
0
0
0
0
2
7
10
10
15
20
22
23
24
23
21
21
21
21
21
21
21
22
50
50
49
48
30
13
0
0
0
0
0
0
0
0
0
0
0
2
7
10
10
10
15
20
23
41
44
47
48
48
35
28
15
13
11
11
11
11
11
11
11
11
11
11
11
11
11
11
11
12
11
12
13
16
49
48
46
44
39
0
0
0
0
0
0
0
0
0
0
0
0
0
3
13
30
34
35
35
34
33
31
15
13
11
11
11
11
11
11
11
11
11
11
11
11
11
11
11
11
11
11
13
42
45
48
48
49
37
25
9
0
0
0
0
0
0
